3 8 11076 6156 6033 37 3131 52 11162 9206
2 6 11098 11119 9205 105 10207 3147
2 6 11098 11119 6040 198 13076 4669
2 6 299 363 242 9251 6406 6331
2 4 3301 6301 253 377
2 5 9355 9411 300 246 382
2 8 9289 342 6292 386 304 360 3759 9304
2 6 11371 11257 385 276 3329 3379
2 3 6585 454 6504
2 6 6429 462 3562 11427 491 11479
2 5 3392 6546 3412 474 6435
2 4 9535 478 9428 6521
2 7 11561 6451 3452 488 11454 3494 525
2 8 11432 6440 9414 3462 494 583 3553 3569
2 3 6934 519 9517
2 5 9642 6698 11642 521 11516
2 4 9535 6595 552 9570
3 3 6488 589 6568
2 5 3598 11582 629 3659 9478
2 6 3614 11787 646 679 9656 11644
1 9 772 654 6674 11664 6692 9691 6736 3717 3720
2 4 657 9635 687 3701
2 7 9665 6708 688 707 3688 11653 692
1 6 11639 676 3694 693 696 3696
2 4 9665 11651 704 11666
3 5 737 568 3722 705 3686
2 6 3918 920 877 6941 724 9817
2 4 11702 755 11718 3771
2 4 3780 776 3782 6780
1 6 962 9889 11884 832 888 11742
1 5 9785 3859 857 884 3902
1 7 6812 6836 872 6836 13223 790 3816
2 6 955 11803 883 6939 3966 6831
1 7 6922 959 6822 898 6944 9897 6964
3 6 6732 3906 905 3906 11830 9832
1 5 10644 1411 917 7858 7766
2 5 856 981 11898 928 4112
2 4 6846 873 951 3957
2 4 819 955 11803 883
1 3 11913 996 4105
1 4 4135 13228 1048 7183
1 6 10383 12316 7513 1072 1056 1088
2 4 962 9889 1093 10024
1 3 11943 1102 7203
2 8 11981 4023 1018 10004 7093 1157 4119 1185
1 6 7965 7976 4210 1170 7562 1492
1 6 4064 1061 1190 7020 4003 3456
1 4 10177 10134 1244 7225
1 5 7965 8023 1319 4192 1884
1 5 7642 7223 1386 12249 7381
2 4 4925 1395 7240 6999
3 4 4432 1424 7304 7644
2 5 3208 1426 12503 4787 4720
2 4 10401 1510 8120 10801
1 4 670 11609 1530 1599
2 6 4645 12323 1511 1540 4630 1652
1 7 1603 6932 1575 7571 1180 10421 4538
2 4 1542 7594 1598 4575
2 3 3992 1628 7637
2 5 12321 12494 1639 1596 10418
2 3 1626 1641 7638
2 3 3169 1684 4669
1 4 10641 4878 1714 12518
2 4 4749 7745 1747 3750
1 7 4780 10670 7774 4659 7833 1812 12602
2 3 4455 1819 12592
2 3 4744 1823 1839
2 4 4785 1837 1697 7802
1 3 1823 1839 7878
2 7 4797 10543 1791 7676 1859 4732 4801
2 5 10618 12597 11667 1873 4872
1 3 4851 1874 7872
1 3 12753 1900 10842
1 5 10807 7905 2054 1908 4984
1 3 10795 1914 10743
1 3 7913 1965 10832
1 6 4064 1147 1980 4110 7084 10735
1 3 4956 2008 5052
1 7 4994 2093 2010 10755 8037 12899 7940
1 3 7913 2011 4956
1 4 1937 12703 2023 10747
1 3 2075 2031 8017
2 5 1534 2043 1806 7904 10798
1 4 1944 12772 2052 5000
3 3 12868 2086 4915
1 3 12726 2089 5005
1 3 8223 2096 10877
1 5 5033 2098 5018 8041 8059
2 3 2202 2123 5164
1 3 4851 2151 5177
2 3 10972 2159 2180
2 3 2152 2173 8238
2 3 2152 2194 11007
1 5 2211 2203 5195 2197 8204
1 3 3184 2877 12549
2 3 9224 2900 11122
2 3 13065 2923 11261
1 4 3706 7787 3010 7766
3 7 9167 67 204 3161 3061 6186 9206
3 9 3122 11126 3117 169 6066 3083 9194 9129 11105
2 8 6181 178 11031 11117 3134 11183 142 9140
3 6 3122 11065 9038 3025 3137 9167
2 7 3152 567 83 3174 11291 9501 10493
1 3 1473 3181 9152
2 3 3301 3205 6384
2 4 333 3215 9343 11349
1 4 11293 3359 3242 3379
2 3 3312 3258 3340
2 4 281 6407 3272 6296
2 5 6287 6393 3260 3325 11251
2 9 306 3210 11336 6305 3390 3335 6411 9384 9355
2 3 11237 3342 11293
2 4 529 11494 3423 11560
1 5 11679 11522 3484 6590 6562
2 8 499 6479 3517 9530 3503 520 11474 3529
1 5 514 6559 3418 3585 6418
1 3 7891 3606 7869
2 4 9771 3630 6652 3645
1 6 6679 6709 6695 660 3663 9617
1 4 6687 3673 653 9648
3 5 11654 6707 3687 6705 11800
1 5 6717 3702 3733 734 11654
1 5 6962 11709 3754 6773 3771
2 6 958 11713 762 3768 780 6613
1 4 771 3772 11891 9909
3 9 3605 6630 3778 3635 3661 9634 6676 6510 9467
2 6 9612 9610 3796 793 11754 9771
2 7 9814 11859 6881 986 3840 9637 9671
1 7 740 6756 3737 3931 9857 6901 3816
1 7 11797 6919 3950 6950 3935 933 9900
1 3 982 3956 3984
2 5 958 11875 3961 956 911
1 5 6922 3852 3981 6928 848
1 5 4159 4014 12047 3857 10074
3 3 12137 4045 5096
1 5 1047 1202 4050 7108 10062
1 5 1185 4075 12048 7015 12065
2 4 10434 9937 4079 11916
1 5 1176 4095 950 12081 9778
1 6 7005 10026 4129 7162 10091 11969
2 5 12062 4058 4144 1139 9958
1 6 4032 4190 7000 4208 1027 12432
2 6 12291 10247 4287 12221 10318 12459
1 5 4386 1983 4299 1377 12137
2 7 4334 7380 1400 4363 4596 1620 7645
2 5 1520 10326 4397 10016 11936
2 8 4341 7331 7303 1423 1396 4401 12232 10232
2 3 10801 4410 5096
2 5 1424 4432 7379 4362 12291
1 4 7624 4458 7495 7661
1 6 12062 4538 10421 1180 7571 1575
2 4 10077 1609 4616 11929
2 3 7637 4619 12467
2 5 7592 4546 4517 4632 5198
1 8 3962 7532 10444 10512 7595 4646 1642 12352
2 6 1426 12503 4787 4720 4787 7683
1 7 12510 4827 4730 12514 7882 10561 7809
1 4 761 4753 10605 7185
1 7 4737 1792 7759 1761 4762 10681 7785
1 3 12932 4776 7798
1 4 4833 13091 4848 7869
1 7 4525 12609 1723 4856 1787 7752 4801
2 5 1352 1753 10532 4871 4830
2 3 5000 4942 8024
1 3 1969 4972 5028
1 3 4951 4974 10744
1 4 12791 3883 4975 12552
1 3 2077 4991 13085
1 3 4956 5021 7913
1 3 4972 5028 4997
3 3 12786 5055 12137
3 3 4045 5096 4410
1 5 8129 5151 2168 12999 12853
1 4 8181 7553 5167 10947
2 4 2227 5168 10939 10998
2 3 2151 5177 8245
2 8 12990 12976 2191 12948 5197 5183 10927 8186
1 3 5203 5189 10963
1 4 5189 5203 1509 5231
1 3 10976 5210 8183
1 5 8196 12909 5223 8233 2218
2 6 14 9174 6151 6072 9196 9296
2 9 3164 9222 9043 3135 6180 11027 135 12 6149
1 3 1745 6211 12549
1 3 11279 6237 9315
2 3 391 6241 11456
3 6 3190 6135 6247 346 3240 9356
2 4 3295 3230 6259 3544
3 8 382 3236 11347 6262 6315 9313 9330 11379
2 6 3392 11528 6415 6280 11341 9304
2 4 3320 327 6296 3272
1 4 9383 6300 3150 11136
2 5 11237 11267 6313 3396 9303
2 3 9315 6318 6384
2 3 3369 6351 3422
2 4 6332 11245 6375 9316
3 4 3422 6489 11471 9239
2 5 3552 3758 6536 9510 11465
2 5 17 6558 3460 3510 9570
2 3 529 6570 587
2 4 454 6585 9534 11506
2 3 6488 6594 11417
2 3 516 6598 6560
2 5 476 9423 6600 3577 11534
2 3 657 6677 11636
2 4 3617 9621 6700 11625
2 6 758 6955 9689 6734 11673 9817
2 4 3829 6850 3802 11800
2 7 831 11776 11760 6855 3853 9825 6890
2 5 3866 3790 6880 12070 9815
1 5 9764 854 6927 9824 9853
2 4 519 6934 3679 663
1 5 3754 11709 6962 760 9898
2 7 11768 844 11885 6996 9787 889 9817
1 3 3996 7011 10073
1 4 9936 7021 10036 7125
2 3 7637 7035 10044
2 5 9998 7157 7087 12097 10125
1 3 8223 7088 12989
1 4 9936 4103 7121 12089
2 3 10434 7126 10098
2 6 1069 7160 9987 11933 7129 10098
1 6 1092 1191 7145 1167 10055 12031
2 4 4072 4187 7150 11952
1 5 3816 11737 7213 9933 9785
2 4 7125 7221 7204 11992
2 6 7637 9959 4203 10017 7222 1146
2 3 4273 7293 10191
3 5 6726 1804 7348 12534 7766
2 5 1386 12249 7381 10279 1398
2 4 7587 1427 7408 7225
2 6 7649 4453 4478 10388 7520 12406
2 4 7367 7338 7544 7572
1 6 3672 6689 7554 9645 4463 7624
2 5 7544 7572 7353 7531 4496
1 5 9991 7179 7634 9993 11929
3 4 1641 7638 4436 10447
1 5 1386 7223 7642 10135 12293
2 7 1356 4769 7807 10715 7683 4787 4720
1 6 7798 12576 7755 1667 10455 10682
2 6 10410 4510 7464 7797 7615 10586
1 6 7315 7414 7753 7853 1737 10644
1 3 1830 7855 13069
2 3 13217 7872 1874
3 5 1734 6767 7899 1769 11571
1 3 2947 7901 13075
1 3 12804 7921 10895
1 3 10912 7968 8024
2 4 2097 12855 7977 12726
1 3 4957 8008 5045
1 3 3834 8012 10765
1 3 2100 8015 12710
1 3 5083 8050 10792
1 3 7548 8054 12677
1 9 7803 8055 10724 8081 10854 1959 4960 2087 4525
2 4 8007 10139 8106 10887
2 3 10946 8143 10998
2 8 4645 10971 5125 8152 2201 10958 10937 5207
1 4 5185 11015 8180 8246
2 5 5200 8189 10959 5115 8140
2 9 4645 12323 1511 7579 7608 10949 8200 12962 12990
2 3 8182 8201 10972
1 3 12632 8204 2197
1 3 650 8222 8229
2 4 5200 12951 8224 12901
1 4 12306 8192 8251 12984
2 9 6132 9220 6161 6083 9108 6165 6125 9147 11125
2 8 11168 3154 11189 9131 3175 11177 9110 3164
2 4 6050 9149 11163 35
3 7 3140 57 70 9197 11068 149 3151
3 7 4640 11057 6099 9221 9485 11302 10493
2 4 3296 3319 9262 6314
3 8 6354 11271 6233 6344 9288 546 3568 3480
2 5 11371 9255 9303 3396 6313
2 5 6282 6334 9334 9361 11372
2 4 9315 9379 9269 11297
2 3 321 9388 3340
2 5 6483 11411 9425 11550 9548
2 5 6464 13205 9427 11430 3497
2 4 6560 480 9431 3262
2 5 418 9449 3492 558 3580
1 4 3535 9471 9441 9497
2 4 3516 13081 9472 3546
2 3 391 9498 3262
2 4 11531 549 9503 6542
3 3 3516 9536 11606
2 4 493 9546 479 11467
2 4 495 3398 9547 9486
2 4 3522 6487 9560 6582
1 3 3583 9567 9412
3 6 9467 3640 11728 9585 6607 3763
2 4 3663 9617 6658 9612
2 7 3696 6697 9640 11622 9619 6667 3645
1 4 9620 9622 3666 9642
1 4 596 9596 9627 599
2 5 9490 3506 9644 667 9609
2 6 3763 11695 722 9667 9724 6710
1 4 11639 9668 3689 11672
2 6 3686 6704 9677 9680 6741 11668
2 5 6711 6714 9687 713 11659
2 5 9614 649 9769 6967 6814
1 4 6862 9794 6926 925
2 5 3938 3794 9800 9846 11825
1 3 914 9805 9916
1 5 7169 1165 9807 11847 6994
2 8 3840 986 6881 11859 9814 11757 7517 1562
1 3 6889 9821 9809
2 8 3783 964 11764 9835 6837 11886 3900 1052
1 4 3946 9853 9824 6927
1 4 3939 6940 9874 3882
1 5 6957 6942 9894 11845 11858
3 4 3928 9909 11891 3772
1 4 9805 9916 12001 1205
1 6 895 3936 9930 9791 893 6923
2 3 7580 9934 1612
2 6 4031 12067 9953 10095 4001 11913
2 6 7200 1029 9971 1154 4071 12074
1 4 1160 4163 9994 11969
2 4 1182 9998 7157 7087
2 3 7097 9999 12467
1 5 2013 901 1938 10106 3916
2 8 4401 12232 10232 7347 7238 4330 12260 7376
1 8 4638 7657 10452 10275 10220 1272 1331 12170
1 5 1374 12210 7426 10309 4379
1 3 3823 10343 1506
2 4 1637 12035 10358 1538
2 3 2213 10400 12064
1 4 10682 10427 1537 12406
3 5 1538 10428 9946 7574 10401
2 4 1374 1563 10453 7645
1 3 1459 10488 12581
3 3 12592 10540 4744
2 7 7789 12174 4681 12599 10576 10705 12555
1 9 7763 12654 7754 1724 7871 10577 7871 1772 10598
1 3 7782 10585 2947
1 4 1846 10594 10930 12504
3 9 10578 10708 4792 10612 7743 7697 1776 7873 7832
1 6 7798 1759 10637 10622 4763 12560
1 7 7315 12214 10327 4747 10687 12673 12124
1 3 7891 10703 7830
1 3 2075 10728 12738
2 4 12868 2032 10729 10772
1 4 4956 1952 10738 12804
1 7 1927 6798 12728 4955 10894 10740 12791
1 3 10747 10790 12872
1 3 8123 10793 5098
2 5 1908 2054 7905 10807 4915
1 3 10915 10812 12751
1 3 1900 10842 13085
1 5 8007 10843 10898 1971 10735
1 4 10888 8075 10846 12798
2 3 7921 10895 8057
1 5 7791 10909 968 9996 12384
2 5 2227 10933 2175 8179 5107
2 3 8255 10975 10985
1 3 8211 10996 12973
2 4 5168 10939 10998 8143
2 3 2194 11007 12466
2 3 10973 11023 12901
1 8 188 3180 6204 6136 9032 11135 11028 3021
3 6 9167 6144 11105 9129 9194 3083
2 7 3171 11184 3007 9138 11114 9054 6164
2 9 6149 9172 9050 11149 9370 3264 3139 3027 381
2 8 6326 11259 6242 3310 6324 11202 9408 9120
2 8 299 329 11215 11327 11160 6120 11376 9279
2 3 11221 11253 6103
2 3 13064 11261 2923
2 3 10607 11328 12687
2 6 3215 9343 11349 6303 3279 11254
2 4 241 11360 11318 9335
2 4 9361 11372 11343 9263
2 7 6164 9209 9308 11380 11390 3229 299
2 4 6535 11388 11233 9281
1 5 9497 11404 9416 9572 11417
3 4 3501 11446 507 6103
3 4 9490 3506 11491 11506
2 7 6338 372 9514 11496 9401 339 11225
2 3 708 11499 9517
2 5 3549 9578 553 11521 11535
2 3 11531 11547 11560
3 4 624 11594 9624 6685
1 3 628 11595 599
1 3 663 11604 9620
1 3 12592 11607 12518
2 4 6685 11610 9643 9608
2 5 9661 11630 11627 3670 6685
2 3 6706 11636 6677
1 8 1599 12309 4605 11645 4477 4614 1536 7661
2 7 4345 7345 11662 10381 9754 6916 9708
2 5 3734 3760 11668 6741 9680
1 5 740 11688 9703 6749 11707
2 5 6613 6786 11716 9728 958
1 3 599 11735 11564
2 5 6996 11885 844 11768 11805
2 6 3950 6919 11797 9868 3979 9932
2 6 940 9755 7143 10056 11810 11746
2 3 9833 11829 11811
3 3 6946 11833 6875
1 4 982 11858 11845 9894
1 3 4111 11919 1065
1 3 1102 11943 7069
2 3 9975 11952 7150
3 5 7118 10465 11975 1480 12381
2 4 4196 7027 11986 7071
1 7 1047 12095 10080 12014 9970 9982 12350
1 6 1176 747 12038 4065 10109 10024
1 4 9936 4103 12089 7121
1 5 5019 11950 12114 1275 7340
1 4 1690 12124 12673 10687
1 6 1291 12131 7236 4371 1337 4312
1 5 4608 4390 1413 12277 12293
1 6 10324 1359 12142 12295 12142 12182
2 8 3960 9920 1915 12301 9773 12720 3867 12791
1 4 1639 12494 12321 10981
2 6 3962 7532 10444 12352 1642 4646
2 4 1568 1555 12379 12364
1 4 1459 10187 12430 12581
2 4 4567 12778 12458 12489
3 6 3732 7462 12459 10318 12221 4287
1 5 4608 10479 12472 7654 4273
3 4 1523 10457 12497 1527
2 3 8136 12519 13217
1 7 12406 4864 4673 12560 4763 10622 10637
1 5 1690 10693 12578 7820 1262
3 5 10552 3769 12603 1788 1848
1 6 12552 12627 1738 4586 10340 4740
2 4 12586 12646 12577 1867
2 5 1735 12681 12668 12608 10557
1 6 4801 12686 4729 12669 10558 7803
1 3 1975 12707 12762
1 3 4984 12718 10866
2 3 12873 12746 13089
1 8 5037 4981 7934 12758 5099 7970 10901 8101
1 5 10494 4969 10864 12790 1937
2 4 4515 1516 12795 7548
1 3 12744 12800 10877
1 3 10795 12806 10743
1 4 10772 12822 12005 10887
1 3 10886 12823 13093
1 3 3795 12839 4951
1 6 1966 10891 10818 12840 5065 12991
2 4 2086 12868 2032 10729
1 3 10919 12874 12762
1 7 5037 12883 2033 8092 2095 2027 12455
2 3 2106 12922 2209
1 3 8223 12929 12989
1 4 8211 12939 12965 8254
1 5 10976 12941 8164 10928 12991
1 3 5162 12969 8199
3 6 10980 8190 12996 2153 10999 8196
2 3 3184 13060 6085
2 3 4455 13062 5264
1 4 4833 13091 13069 7855
2 3 2407 13075 7901
1 4 5015 13088 2083 4956
1 3 12823 13093 8017
1 3 9152 13211 1974
3 2 14 6115
2 3 17 11515 493
2 4 35 9185 9209 6164
3 6 117 71 6035 6086 9111 9177
3 7 117 11109 9234 320 248 11234 6293
2 3 121 3220 3190
1 7 122 6145 9170 3059 6080 9204 14
3 4 158 11081 11164 11125
3 5 158 120 82 9233 11079
3 7 158 11121 195 66 3172 11065 3122
3 6 158 6212 9106 11199 9104 11076
2 5 166 60 9082 3084 11159
3 10 186 6202 11179 3041 11133 11193 146 3363 370 381
2 6 186 9124 6100 3079 84 3164
2 2 241 309
2 4 265 6342 3194 3296
2 3 265 9374 9438
3 3 265 6342 9483
2 4 279 3381 11515 493
2 3 279 3381 17
2 4 281 3384 3254 400
1 2 281 3288
2 4 306 3247 11353 6293
3 3 306 223 6354
2 5 306 3362 6387 9382 11254
2 3 309 11264 9281
2 4 310 11358 9246 9438
3 4 310 6459 3219 6326
2 2 317 11251
2 3 321 11276 11219
3 4 333 3176 11154 9177
2 5 333 6245 11250 3358 9302
3 6 333 6245 9256 11236 9278 9356
2 4 351 11270 11317 11297
2 2 362 3380
2 2 362 9263
2 3 377 6378 3369
3 4 381 305 11320 6278
2 2 383 6331
2 6 383 3307 6412 9362 6345 9279
2 2 391 68
2 3 391 3314 6336
1 4 392 9338 6302 6226
2 6 392 3382 11319 6404 339 11225
2 2 399 3277
1 3 400 13206 3393
2 3 400 11357 11301
2 7 413 9448 6553 3504 437 3431 6566
2 5 413 9448 9339 11323 11351
1 3 417 11398 9412
2 3 417 11413 442
2 2 441 550
2 2 442 3497
2 2 476 6429
2 3 476 11464 550
2 3 482 13116 11417
2 3 490 13196 12147
2 3 492 4756 7480
2 3 492 7422 4622
3 3 492 7640 12325
2 2 495 6535
2 3 495 9443 11533
2 7 499 3490 9487 3467 6551 11473 9526
1 11 499 9447 6430 470 6588 3515 6523 9469 11455 6615 9453
2 4 502 6530 6554 418
2 3 502 3466 6474
2 4 502 3479 6505 9461
2 3 512 3493 11631
2 3 514 6559 11432
3 2 514 9535
3 3 514 11481 3535
2 2 516 6560
3 2 516 3516
2 3 525 3543 550
2 3 525 3543 441
2 4 525 11557 6458 3480
2 3 526 9375 3522
2 3 526 11402 6513
3 4 537 3473 3572 9535
2 4 537 6236 9387 9252
2 6 550 11490 6497 9451 11409 3575
3 3 564 6549 3524
2 2 564 11533
2 2 587 6469
2 2 587 9522
1 3 591 13252 11564
1 3 591 6611 9586
2 2 596 11581
1 3 599 13252 11564
1 5 610 781 768 9697 9713
2 3 620 3626 6651
3 2 624 9595
1 2 650 8229
2 2 657 9614
2 4 670 9647 6733 731
2 2 670 3672
1 3 678 11640 3692
2 4 678 698 6698 9642
2 2 686 9661
2 2 686 6720
1 3 692 9652 673
2 3 692 11653 6725
2 3 708 3705 692
2 2 708 6540
2 2 733 3732
2 3 737 767 6596
2 2 737 721
2 2 737 3755
2 4 740 13233 3735 3902
2 3 748 6753 731
2 5 748 11696 735 11681 3720
2 6 758 3761 6764 9719 13218 11707
2 8 758 6955 11692 729 11843 13219 726 3918
2 3 771 11726 3780
1 2 771 6788
3 4 773 3776 603 3604
1 4 773 3776 603 6631
1 3 778 9603 6666
1 3 778 9745 6780
2 4 782 9924 967 925
2 3 819 9826 923
1 2 853 3834
1 3 853 1793 12765
1 3 856 11831 3951
2 3 858 13229 9778
2 5 858 13224 6914 9757 11742
2 3 870 9810 831
2 3 870 689 3685
2 4 885 903 6936 11825
1 3 885 11852 3902
3 3 900 12043 10068
3 2 911 3928
2 2 922 9833
1 3 925 9838 6831
2 4 940 3788 1122 1005
2 4 940 11792 6925 11747
1 2 947 856
1 5 957 11879 6806 9897 6964
2 11 957 6989 11750 6684 664 6686 11643 1504 725 753 3753
2 3 962 4098 10024
2 3 970 980 3866
2 3 970 9869 3846
1 2 974 9837
1 4 974 11856 9875 9914
1 2 982 3922
2 5 1001 1161 1121 1076 7200
2 3 1001 4148 1146
2 2 1003 7155
2 3 1010 4431 6999
2 3 1010 9939 1474
1 5 1010 4325 10616 4532 1884
2 4 1047 7152 1187 1087
3 2 1052 900
1 2 1065 1201
3 6 1069 7189 11980 11944 4137 10068
2 3 1069 1084 12093
2 2 1087 4152
2 3 1092 11946 7212
2 2 1092 10052
2 2 1110 7172
1 7 1110 11961 10012 4070 9972 11947 1055
1 3 1117 4122 1024
2 2 1146 11913
1 4 1149 4194 7209 9980
1 2 1176 10063
1 3 1176 7068 9979
1 2 1179 3456
2 2 1182 4188
2 2 1182 4100
2 2 1185 11936
1 4 1262 1857 11712 4860
2 5 1278 1305 4354 12270 12298
1 3 1316 4335 2170
1 3 1349 12269 12182
2 3 1352 9802 1534
2 3 1352 7892 4740
2 3 1352 7834 10717
2 2 1356 12149
2 6 1369 12515 4803 1794 10546 1797
2 6 1369 1685 10580 10712 10639 4724
2 3 1369 12528 4800
2 3 1374 12210 4379
3 5 1387 4209 1294 1694 1391
2 6 1387 4824 4754 1880 7733 12700
3 6 1391 1229 12285 12115 1303 12170
3 4 1391 7741 7874 4780
3 8 1391 7741 12619 1309 4670 12616 10202 1797
3 8 1391 7741 12619 1309 4670 4685 7708 4661
2 4 1408 4428 10157 7315
1 5 1408 1393 10273 1737 10644
1 3 1459 10148 10366
2 4 1464 12332 1390 1520
2 3 1464 1507 10330
2 3 1464 7516 12360
2 3 1474 10822 4896
1 4 1479 12471 4581 4638
2 3 1479 1614 10435
1 4 1488 7492 7531 4496
1 3 1492 10386 12335
1 5 1506 10439 10468 10495 7643
1 4 1506 7466 7588 6971
2 3 1520 4539 1374
3 5 1523 7607 7449 1586 7458
2 2 1523 12361
2 4 1523 4569 4449 4540
1 2 1529 12466
2 2 1529 10405
2 2 1529 1542
2 5 1534 10370 12463 12346 4540
2 3 1534 1564 12361
1 2 1562 12461
1 5 1562 12374 7986 8115 853
2 3 1568 12394 10418
1 4 1580 7770 7605 10963
2 2 1580 13217
3 2 1583 2109
2 3 1583 10994 5186
2 3 1591 10547 10619
1 3 1591 4768 5062
1 4 1595 7551 9653 9654
2 3 1595 9796 831
2 3 1595 10448 11621
3 3 1603 7508 7459
2 2 1603 5092
1 5 1607 7603 4175 7909 10776
1 5 1607 7603 4175 1990 4496
1 3 1611 10500 7649
2 3 1612 10757 5030
2 4 1612 12086 7434 7101
2 3 1626 12440 8187
3 2 1626 4575
2 3 1637 4544 7537
2 3 1652 8228 8243
2 3 1657 7893 1356
2 3 1657 4666 3208
2 3 1657 6740 490
2 5 1672 10683 12665 10708 10578
2 2 1678 7458
2 2 1722 6085
2 2 1722 3184
1 3 1731 1929 12907
2 4 1735 4703 10628 10631
2 2 1745 10589
2 2 1745 1722
2 4 1795 10714 1748 7844
2 4 1795 4726 4798 1878
2 3 1801 7826 1814
2 2 1814 12632
1 3 1815 10711 4794
2 3 1827 7780 4723
2 2 1836 3750
2 5 1836 4772 10685 10719 1867
2 2 1836 10709
1 6 1838 4843 12598 7808 7870 1774
1 4 1838 7732 12656 4709
1 3 1846 13209 12986
2 3 1848 12685 10709
2 3 1866 9880 1867
3 4 1866 1719 12550 1734
3 4 1866 4807 3699 4029
2 5 1866 4807 4664 10341 12456
2 3 1867 10719 10618
3 2 1927 2042
2 2 1937 1944
1 2 1951 10919
1 2 1969 1891
1 2 1974 5084
1 2 1975 2056
1 2 1988 2075
1 2 2012 10915
1 2 2012 4957
1 3 2013 12316 10383
1 4 2028 7971 12820 1838
1 4 2028 10770 10899 7803
1 4 2028 5076 7997 10834
2 2 2030 8026
3 3 2042 6987 5061
2 3 2051 8032 5066
2 2 2056 12762
1 2 2056 1891
3 2 2097 3795
2 4 2097 12046 10876 10744
2 2 2100 2012
2 2 2106 10986
3 2 2126 4735
3 2 2126 12391
1 2 2126 12981
3 4 2139 1514 12957 2166
2 2 2152 12901
1 2 2156 8199
2 2 2164 8227
1 2 2174 5229
2 2 2180 12908
1 2 2184 2170
1 4 2184 12280 10310 7227
1 2 2196 8183
2 2 2196 8182
1 2 2207 2229
2 2 2209 10973
2 2 2209 2152
2 2 2209 12943
1 2 2228 5153
2 3 2228 2132 5107
1 2 2229 10963
2 2 2407 7830
3 2 2407 7766
3 7 3021 3136 3128 77 9182 6093 156
2 12 3021 6042 133 3105 202 3191 113 6129 3162 11052 3039 11148
1 6 3022 9139 11206 11113 6042 3021
3 4 3140 9060 11048 9177
2 2 3147 6192
2 4 3147 9230 6177 9121
2 4 3151 6174 11080 11186
3 4 3151 6174 6197 117
3 5 3152 11426 11127 11443 4640
3 4 3169 10677 12393 7898
3 5 3171 11151 171 6310 383
2 7 3190 6215 9159 9033 135 12 6149
2 2 3234 309
2 2 3234 3326
2 2 3234 405
1 3 3273 6320 11218
2 2 3295 279
2 4 3299 3571 9555 6418
2 3 3320 9404 9438
1 3 3320 9274 3393
2 2 3320 6413
2 2 3326 241
2 4 3330 6424 566 9526
2 4 3338 312 3168 9248
2 5 3338 9041 6105 9099 3147
2 5 3338 9041 180 87 7330
2 9 3338 3075 11089 3064 9101 6088 6193 9213 186
2 4 3353 9322 296 11221
2 3 3380 6402 6332
2 2 3380 3295
2 5 3392 3256 6306 3309 9304
2 2 3444 6469
1 4 3456 10108 7084 10735
3 2 3458 3559
2 3 3458 562 3497
2 6 3480 11489 11425 463 9413 11504
3 2 3488 6583
3 2 3488 9522
2 2 3495 3509
3 4 3498 9669 11440 10552
2 3 3500 13116 11417
2 2 3500 482
2 3 3500 9524 564
2 4 3509 11463 9492 3671
2 4 3509 11463 6533 11631
2 3 3513 4328 12281
1 7 3513 4328 528 11495 505 3644 610
3 3 3516 9444 9418
3 2 3516 11519
2 2 3521 3559
2 3 3521 9544 3392
2 2 3522 11359
3 2 3524 11533
2 6 3529 498 11447 9442 11416 6794
3 3 3544 467 3458
3 4 3544 11492 548 493
3 3 3549 9523 11506
2 3 3549 3534 3509
2 4 3549 9578 6599 11535
3 2 3569 6562
3 4 3569 557 9539 9692
2 5 3575 6597 11546 574 11561
2 4 3578 11523 11460 499
2 4 3580 9260 9328 9355
2 3 3598 9751 3771
2 2 3598 620
2 4 3598 6792 11565 9737
1 3 3601 13252 11564
1 2 3601 591
2 2 3604 9582
2 2 3604 6656
2 4 3605 6625 4270 4345
2 2 3605 6778
1 2 3614 3617
2 2 3614 11586
2 3 3650 6668 6666
2 3 3652 817 3650
2 2 3652 9642
2 3 3655 9629 11631
2 2 3655 6651
2 4 3671 669 651 6651
3 4 3672 6702 11661 731
1 2 3692 11486
1 3 3692 11640 663
2 2 3696 11644
2 3 3701 6727 11670
1 2 3706 1262
2 3 3706 10684 6726
2 4 3707 9683 6743 3701
2 3 3713 730 11659
2 7 3720 3717 6736 9691 714 11633 731
2 2 3734 3720
2 3 3734 6755 750
3 2 3736 761
2 7 3753 753 3756 739 12189 4805 12261
2 12 3753 753 3756 7266 3963 12136 1343 7249 4841 7868 1742 855
1 3 3755 574 11561
3 3 3763 749 11654
2 2 3775 3763
2 5 3775 6797 9580 11567 3605
3 2 3780 773
2 3 3780 6790 9752
2 5 3783 6918 9854 6981 11835
3 2 3823 6846
2 4 3829 7528 10441 6971
2 5 3829 7528 971 7547 9727
1 4 3834 10783 13215 12461
1 3 3838 6891 9772
1 2 3844 3973
2 2 3854 9962
2 5 3878 3894 9774 11660 6717
3 2 3878 859
3 3 3878 9847 6909
1 3 3882 3865 974
2 2 3893 849
2 2 3893 922
1 2 3897 6717
2 3 3897 862 11817
2 4 3902 6903 6878 3816
1 2 3905 11866
2 2 3916 8123
2 3 3918 918 11825
3 2 3924 3943
1 2 3924 6957
2 3 3924 11816 6889
2 2 3938 858
2 4 3938 9767 6993 9785
1 2 3939 3922
2 3 3943 984 9586
2 5 3951 6808 3907 11784 11747
2 6 3951 6808 3907 9811 11792 940
1 3 3962 9859 6994
1 2 3976 6973
2 3 3976 6985 6606
1 2 3984 3939
2 3 3992 9984 7172
2 5 4029 9678 703 4834 4166
2 4 4029 7829 926 12456
2 3 4031 1029 7200
3 4 4032 10022 9969 10068
2 3 4033 10857 5084
2 3 4033 10908 10877
2 4 4052 9790 912 11835
2 3 4052 10065 7155
2 4 4052 7171 7070 12040
2 4 4052 7171 10083 848
2 4 4100 7016 4118 1024
2 2 4105 7120
2 2 4111 4486
2 2 4111 4550
1 3 4115 12101 12455
2 3 4156 10057 7172
2 2 4156 4183
1 2 4165 9978
3 3 4166 4738 4854
3 2 4168 12054
3 3 4168 6943 788
3 5 4168 11783 3925 11841 3823
2 2 4188 4100
2 6 4196 4169 10042 4113 11961 1110
2 3 4223 4284 4341
1 2 4229 12592
1 2 4229 4006
2 2 4245 10077
2 3 4245 12050 9935
2 5 4261 10224 10196 12198 12170
3 9 4333 4232 10239 4281 7326 7383 4337 1303 12170
1 3 4333 7407 7335
2 4 4345 1341 12205 10249
2 3 4345 4417 10230
2 5 4345 7345 3602 598 6778
2 2 4345 9601
1 4 4396 2117 7424 2170
1 3 4440 1631 4951
2 2 4455 12592
2 3 4464 7668 7480
1 3 4486 7184 10383
1 2 4486 4440
2 6 4506 7582 7652 11744 7663 6947
3 4 4506 1588 12618 7832
3 2 4515 12677
3 3 4515 1817 12907
2 3 4516 10361 7537
1 3 4525 10451 7659
1 3 4525 7631 12432
1 5 4525 10424 7048 4612 11752
3 2 4540 10586
1 3 4550 12442 10383
1 3 4550 10087 1088
1 2 4550 1108
2 2 4567 1534
2 3 4608 4390 12293
1 5 4613 7218 9961 11909 11936
1 3 4613 10456 10330
1 3 4613 12433 10776
1 4 4638 7243 4300 4374
1 4 4638 4578 7507 10366
3 2 4640 9120
2 8 4661 12594 4867 12635 7784 10680 12529 10619
3 3 4661 12613 1797
1 6 4661 7350 1287 10292 7407 7335
2 4 4677 4792 10708 10578
1 5 4677 7725 10559 4832 7785
2 2 4723 4794
2 2 4723 4749
2 4 4733 10635 12615 12555
2 2 4733 4859
2 3 4733 1729 7809
2 2 4735 10538
3 2 4735 13217
2 3 4737 7828 1735
2 3 4740 11802 10798
3 2 4744 5264
2 3 4749 4760 4830
2 4 4785 10544 7744 4724
2 3 4785 7707 7805
2 3 4785 12655 12555
2 2 4791 12932
2 4 4794 4610 7760 1851
2 8 4797 12540 10661 10562 7713 4818 12691 4724
2 8 4797 1762 4837 10528 7835 1696 7860 1672
2 6 4797 10543 1810 7703 12610 10627
2 6 4797 7838 1829 1707 10524 4737
2 5 4800 1779 1794 10546 1797
2 6 4800 4781 12509 7843 12695 10669
2 5 4800 1702 7819 1676 10627
2 6 4800 10531 10713 4751 10539 1774
2 5 4801 4862 7885 7823 10578
2 7 4830 10606 3708 10676 10333 10391 10717
2 2 4851 12963
2 3 4860 12585 1851
2 2 4872 12688
2 3 4879 10957 8136
1 2 4879 2229
1 3 4883 7619 5019
2 4 4883 4557 12420 10401
2 2 4887 10832
2 5 4896 10822 10304 4141 6999
2 4 4908 4977 1945 8057
2 6 4908 8033 13214 12827 12745 10830
3 3 4915 5086 12137
2 2 4925 8026
1 2 4938 1969
2 3 4941 1181 3854
2 2 4941 2220
2 2 4948 12710
2 2 4950 4883
3 3 4950 10030 7430
1 3 4951 10815 8101
2 3 4984 12886 4064
2 2 4989 7972
1 3 5019 12226 10324
2 3 5026 1887 5000
2 5 5030 12414 10304 4141 6999
2 4 5030 10757 7434 7101
2 3 5030 7948 11865
1 3 5033 10741 8059
1 2 5033 4994
1 3 5037 1923 8073
1 2 5052 13089
1 2 5052 12873
1 3 5060 1960 5084
3 2 5061 10769
3 3 5061 12369 5015
1 4 5062 12370 2058 12581
2 2 5066 10832
1 2 5083 5214
1 3 5106 5217 10525
2 3 5107 8179 2164
1 2 5120 10942
1 2 5120 2156
2 2 5121 12984
2 2 5121 12954
2 2 5143 2208
2 2 5143 8255
1 2 5153 8227
2 2 5153 2164
2 2 5164 2180
2 3 5178 4587 2109
1 2 5178 12466
1 3 5179 12979 5229
1 3 5179 10938 10924
3 6 5198 12949 1557 8230 2187 2166
3 2 5198 11006
2 6 5207 10937 12311 1478 4487 2139
2 2 5213 2106
2 3 5213 8169 8255
1 3 5229 10944 10965
1 2 5232 8175
1 3 5232 1979 2035
3 4 6103 11333 13070 3501
3 2 6115 3171
2 3 6115 11078 3021
2 5 6164 3063 3375 3286 6331
2 7 6175 9119 11096 6096 11175 11212 11094
2 10 6175 9119 11096 6096 6021 3078 9055 11038 3092 9248
2 6 6181 3121 11181 9158 9074 6175
2 2 6218 6377
2 3 6218 9238 11359
1 7 6226 9365 9391 365 497 3486 3330
2 7 6232 3203 3293 3350 6292 342 9289
1 4 6232 6556 11477 441
2 6 6248 9409 11335 11308 6450 3578
3 3 6270 6221 9239
2 2 6270 11279
3 6 6278 7403 7431 6285 291 1278
2 2 6282 537
2 3 6282 349 3340
2 2 6282 3312
2 2 6286 6336
2 2 6286 9309
2 3 6286 9403 9281
2 2 6314 3288
3 5 6326 3219 358 9341 406
1 3 6332 11265 3288
1 3 6332 395 281
3 7 6338 260 404 3394 3294 11320 6278
2 4 6349 3271 6263 6218
2 2 6349 3326
3 3 6354 11220 11241
3 2 6354 9289
2 2 6364 3277
3 2 6364 6235
2 3 6377 3395 405
2 2 6377 526
3 3 6380 11282 9302
3 4 6380 6283 9278 9356
2 2 6389 11331
2 2 6389 317
3 3 6413 6340 406
2 3 6413 6359 9304
2 2 6446 11483
2 2 6446 6560
2 3 6464 13205 9412
2 2 6469 495
2 3 6474 3421 6420
2 4 6474 6493 9430 9417
3 2 6488 11560
3 2 6488 9486
3 2 6488 3524
2 6 6490 3443 9415 6796 11727 748
2 3 6496 6500 11562
2 2 6496 3262
2 2 6496 11456
3 2 6499 442
2 2 6504 11606
2 2 6513 564
2 3 6521 375 11219
2 3 6521 11444 3312
2 2 6524 3500
2 3 6524 538 6582
2 4 6524 538 6501 3535
2 3 6535 9509 405
2 2 6540 3299
1 2 6542 11486
2 2 6550 4112
2 3 6555 9557 11417
2 3 6562 3414 3583
2 4 6566 9516 3489 6490
2 2 6568 6555
2 3 6568 3530 6542
2 2 6573 9537
2 3 6573 6586 11691
1 4 6573 3581 3410 417
2 2 6582 3535
3 2 6583 11435
3 2 6583 9418
2 2 6583 9559
3 3 6583 9575 11531
2 5 6596 11405 453 486 502
2 2 6606 782
2 2 6626 599
2 2 6656 628
1 3 6656 656 9630
2 4 6657 9597 11565 9737
1 2 6679 11639
1 3 6679 11605 3645
2 3 6685 3680 11625
3 3 6696 1445 9727
3 2 6696 6974
2 2 6703 11625
2 3 6706 3704 3701
2 3 6710 11656 3685
1 2 6717 9708
2 3 6720 9676 6703
2 3 6725 9515 3299
2 3 6725 6708 9665
3 2 6726 3498
3 3 6732 715 718
2 3 6732 3712 733
1 4 6742 1854 11712 4860
2 3 6759 3740 11697
2 3 6761 6584 11534
2 4 6766 3749 929 6759
2 4 6766 943 6917 3946
2 2 6766 11702
2 2 6793 782
2 4 6794 9581 11400 6490
1 4 6812 6966 3873 6817
2 4 6814 9888 11842 3893
2 3 6814 9888 9902
3 2 6845 11900
2 4 6845 6869 9820 3897
3 3 6845 3863 6882
3 4 6846 865 11738 788
2 3 6857 935 949
2 4 6857 9818 3937 6923
2 2 6875 6862
1 9 6876 4518 9911 941 10387 12303 4727 11814 12765
3 2 6882 3878
3 3 6890 4442 11800
2 3 6890 9825 3685
2 3 6906 6959 962
2 3 6906 9896 6817
3 2 6909 9832
2 3 6923 6952 6814
1 8 6947 11850 11781 6963 11828 9795 9918 11835
1 8 6947 11850 9841 800 9899 3904 3852 6922
1 5 6964 11862 9883 946 6947
2 2 6973 6946
3 3 6974 4402 10586
2 4 6974 4988 10657 7791
2 3 6974 12670 12501
3 2 6984 3957
3 3 6984 9758 6845
3 4 6984 822 11785 9804
2 3 6999 7240 8026
2 3 6999 7240 2030
1 5 7005 11957 12039 1189 1149
2 3 7014 12052 10076
1 5 7071 10010 10093 9938 4165
3 2 7072 11960
2 2 7072 7113
2 2 7072 12031
2 5 7097 10517 7665 10006 4896
2 3 7097 13143 4156
2 5 7097 1640 11988 7653 3992
2 3 7097 10517 7101
2 3 7097 13143 12350
2 3 7105 1184 12074
2 2 7110 9950
2 2 7125 12040
2 3 7125 10036 9936
2 4 7137 7650 1597 4152
3 6 7137 7650 4134 10431 7095 10404
2 5 7137 4077 10459 4085 1884
1 3 7138 10495 7643
2 2 7161 4941
2 2 7169 1024
2 3 7183 1178 875
3 3 7183 4080 9815
2 2 7185 7782
2 5 7186 7214 11959 1091 12068
2 2 7191 7120
2 2 7202 10029
1 2 7212 12031
3 4 7306 10478 11589 12312
3 4 7306 11971 4807 1866
3 5 7315 12214 1320 10198 1690
2 4 7315 7386 10271 3513
3 6 7330 108 99 9225 4298 4314
2 2 7330 186
2 4 7340 4321 1430 10152
2 2 7367 7587
2 4 7367 10221 12195 10438
3 6 7375 4372 12626 206 7403 6278
3 8 7375 12216 361 3280 7320 12287 1233 9292
3 6 7375 1336 6025 12527 10216 10716
3 7 7375 1336 6025 3127 11111 11195 4314
3 3 7376 12288 4223
2 3 7376 7319 10177
2 4 7376 12260 4330 7645
2 2 7394 11237
2 3 7430 7177 4072
2 2 7430 10311
1 3 7432 10317 4223
3 2 7458 7306
3 4 7458 7539 10393 1527
2 3 7459 4519 10474
3 2 7459 7580
2 3 7476 2167 12977
2 3 7476 8210 12479
2 5 7480 10520 10352 10380 10407
2 4 7500 5163 2172 5213
2 2 7500 8208
2 2 7524 4464
1 4 7524 1453 1643 12313
2 4 7537 7593 4644 10077
2 4 7537 7475 1656 12338
2 4 7564 7535 4530 7592
1 9 7587 4392 12122 12220 4388 1308 1281 12201 4312
2 3 7589 4570 8196
2 3 7589 8148 7476
2 4 7589 8226 12334 10980
2 4 7592 1570 5227 11006
2 4 7601 10467 4251 10177
3 3 7601 12417 1374
1 2 7617 7630
2 5 7649 2163 10977 12934 8249
2 3 7649 12451 7592
2 4 7656 10364 12012 7459
2 2 7656 9958
1 2 7656 10098
3 6 7669 4415 12339 4441 4487 2139
2 2 7696 2407
1 3 7716 4128 7548
3 2 7763 7832
2 3 7763 12657 10678
2 6 7763 4725 10655 7801 12678 12261
3 5 7782 6728 9615 763 3736
2 4 7782 12636 4218 12688
2 3 7785 7691 7844
2 9 7789 12536 4866 7274 7825 1860 1733 12679 10696
2 4 7789 4789 12631 1369
2 4 7789 7861 1674 12510
1 2 7791 7643
2 5 7802 12523 4782 7744 4724
2 3 7802 4808 1735
1 4 7837 12672 4817 12602
1 3 7837 1757 7809
2 3 7844 1845 10678
1 2 7891 7830
3 2 7898 4314
2 3 7898 7712 9121
1 4 7940 8018 4964 8059
1 4 7940 4914 10315 1943
1 4 7965 8023 1383 10776
2 2 7972 4948
2 2 7972 2100
1 2 7991 8047
2 3 8024 4892 5000
2 4 8024 8080 10823 1981
1 3 8024 10736 10879
1 4 8059 5080 10918 4994
1 5 8059 10856 4407 12789 7965
1 2 8098 10735
1 5 8098 10813 7903 10139 8007
2 2 8113 8024
2 2 8123 3795
2 4 8129 5174 2190 2218
2 2 8140 2218
2 2 8140 12977
2 2 8181 2109
2 2 8182 12944
1 2 8185 5216
2 3 8187 10943 12453
1 2 8188 5185
1 2 8211 12917
1 3 8213 10970 5162
1 2 8213 8185
2 2 8214 12940
2 2 8214 10525
2 2 8214 2213
1 2 8216 5143
1 2 8219 12981
2 2 8227 8242
1 2 8229 12984
3 2 8238 4575
2 3 8242 5218 8129
2 4 8243 8130 11011 12990
1 2 8245 8178
1 2 8248 8219
2 4 8249 5211 5225 8186
2 3 8249 2130 12932
2 4 8249 12934 2116 11006
1 2 8252 5120
2 2 8252 8047
1 2 8254 8185
1 3 8254 12965 5232
2 2 8461 4669
2 7 9151 205 130 9088 182 3113 6132
2 4 9151 205 11129 11148
3 4 9206 9100 3060 3151
3 10 9206 11162 3050 6150 3187 6052 9176 9078 2994 11159
2 2 9224 13065
2 2 9224 6085
3 2 9239 6103
3 3 9239 11471 3369
2 3 9252 11260 279
2 3 9263 334 279
2 3 9279 6345 6287
2 5 9292 7285 12584 12106 1387
2 6 9292 12157 7401 10256 4215 4261
2 2 9297 6270
2 2 9297 3301
2 4 9302 3327 3263 382
2 4 9302 401 335 11254
2 2 9309 9281
2 4 9316 11385 402 3521
2 3 9316 11274 11301
2 3 9320 11305 321
2 2 9320 11331
2 2 9335 9309
2 2 9335 6336
2 3 9340 9240 10493
3 2 9340 265
2 2 9347 9320
2 8 9355 11368 11214 384 356 3318 6341 413
3 8 9356 378 9311 3202 6362 9360 6299 11375
2 2 9383 3273
1 3 9392 9314 11218
2 2 9392 9383
2 3 9417 11434 9461
3 3 9418 3560 3546
3 2 9450 12312
2 3 9450 6713 9654
2 5 9453 7322 12254 7370 10253
2 6 9461 9488 3519 11476 6544 6566
3 3 9467 6510 10249
2 2 9478 3509
2 4 9478 11613 9631 11600
2 4 9478 3659 655 6657
2 3 9483 9731 6314
3 2 9486 529
2 4 9490 3506 6518 512
2 3 9490 3533 9505
2 3 9495 527 3495
1 2 9497 482
2 3 9505 6545 13011
2 3 9505 9658 9642
2 3 9505 9658 3652
2 2 9507 512
2 2 9517 6555
2 2 9517 11486
2 2 9522 3444
2 3 9525 11508 9495
2 3 9537 6751 3713
2 2 9548 6761
3 3 9569 11525 3569
2 4 9570 6512 9511 11467
3 2 9574 11519
1 2 9582 6793
1 3 9586 6619 9588
1 3 9586 3985 6957
2 3 9588 9591 11574
3 3 9595 3627 9608
2 2 9595 9588
2 3 9601 7291 12149
2 3 9602 9756 9771
1 3 9602 6998 3984
3 3 9608 6647 11577
2 3 9609 9625 11794
1 4 9609 9607 11576 590
2 3 9609 6644 3655
2 2 9612 9614
2 3 9620 11590 6666
2 2 9648 9661
2 3 9648 9646 596
1 3 9654 9653 870
2 4 9660 11663 9676 6720
2 4 9660 684 11646 11644
2 2 9660 6703
3 4 9671 3677 6694 6876
2 3 9692 3716 11679
2 4 9693 9673 11660 6717
3 3 9693 3806 718
2 5 9693 3806 11665 4445 7629
1 4 9704 6571 3548 11691
1 3 9704 727 9548
1 4 9704 727 11689 6761
1 3 9708 6916 6778
2 4 9713 6699 6694 6876
1 3 9713 710 4607
2 3 9716 6747 11672
2 3 9716 723 3707
2 2 9716 11534
3 4 9727 12568 4988 6974
2 3 9737 6762 6759
2 4 9737 6762 3740 11697
3 2 9740 761
3 4 9740 10621 11682 490
3 5 9740 12701 1782 4869 12582
1 2 9752 3976
2 2 9764 6812
2 4 9778 6896 3871 875
1 4 9780 3896 6913 3922
2 2 9780 13255
2 3 9783 11597 9614
2 3 9783 9919 9902
2 3 9799 11848 4112
3 5 9804 847 3850 880 11800
2 3 9817 6924 799
3 4 9832 11830 3710 718
1 4 9849 867 3865 974
2 2 9865 6994
2 3 9898 11877 958
2 3 9898 6960 3946
1 6 9900 11897 11826 3964 3807 3870
2 2 9902 922
2 3 9904 11751 6862
2 3 9904 11846 923
3 2 9907 6946
2 2 9914 9780
2 2 9914 13255
2 2 9962 2220
2 2 9975 4064
1 3 9979 7153 4135
1 3 9991 1142 12090
3 3 10029 3994 7118
3 4 10029 7012 7134 7138
2 2 10044 12019
2 4 10044 11937 1171 4105
2 4 10052 11985 1025 7110
1 2 10070 7069
1 2 10073 3996
1 3 10073 7164 4076
2 2 10076 7120
3 3 10088 1101 1538
2 6 10088 10116 12462 11978 10001 10255
2 3 10118 1144 4064
1 3 10152 12779 10756
2 3 10230 6719 3732
1 2 10230 7629
2 5 10249 12205 1341 7435 9601
2 5 10253 12294 1314 4303 4374
2 4 10255 4237 7297 7340
1 4 10263 1589 10464 12330
1 8 10265 7323 10165 1415 12253 4350 4368 12213
1 5 10278 1344 7310 12779 10756
1 3 10278 12180 10152
1 2 10311 5019
1 4 10311 5063 4353 12182
1 4 10324 5104 10259 10756
2 3 10330 8045 4496
3 3 10337 12341 1927
3 4 10337 10504 10861 3960
3 4 10337 7628 12486 12401
1 3 10360 12438 5186
2 3 10362 12496 10502
3 4 10365 10378 12354 2166
3 5 10404 10039 7521 7577 1474
3 3 10404 4480 12017
2 4 10404 7095 1597 4152
2 3 10407 12353 12381
3 2 10407 12325
2 5 10410 4510 11717 1587 4622
3 3 10418 10375 8208
2 3 10418 12998 10935
3 3 10419 11002 8196
1 2 10432 10360
3 3 10434 10446 7580
2 7 10435 10395 7541 12233 10131 4303 4374
2 3 10435 12324 1493
3 3 10438 10425 12360
3 3 10447 7594 1542
2 5 10474 7019 8072 7948 11865
1 4 10474 7019 12408 5092
2 3 10493 7482 310
2 2 10502 12453
1 5 10506 4492 4595 1402 7335
2 6 10506 12658 10603 4773 10146 1591
1 4 10506 12340 12397 10366
1 2 10513 10432
1 2 10513 10360
2 2 10515 7500
2 2 10538 13217
2 3 10538 697 12677
2 3 10552 10593 4860
2 3 10557 13059 6085
3 7 10578 10647 4873 4222 10372 1608 11752
3 7 10578 12557 1743 10638 1502 12485 4506
2 2 10595 12586
1 6 10598 4810 10572 12623 10701 10641
2 4 10607 12643 12615 12555
2 2 10607 4859
2 3 10607 4692 13064
2 4 10627 1877 7773 10669
2 2 10631 7805
2 2 10641 10589
2 3 10641 4798 1878
1 5 10667 10608 1748 10714 1795
1 3 10667 1730 10678
1 3 10667 7772 1878
1 3 10669 12520 1774
2 5 10682 4836 11019 2114 8249
2 4 10696 1709 7800 4780
2 4 10696 12679 4806 1797
2 5 10709 12685 1870 3719 10618
2 5 10716 1704 10720 4846 12700
2 7 10716 7228 12567 10133 12287 1233 9292
3 2 10730 10832
1 3 10743 10784 2088
1 3 10744 12879 8085
1 2 10747 5026
1 2 10747 12845
2 2 10765 4908
2 2 10769 5015
3 3 10772 10066 8007
1 2 10773 10730
1 2 10773 12712
1 2 10792 5026
1 3 10795 10851 12744
3 5 10798 9822 11743 2082 3960
2 2 10827 4033
1 4 10834 12846 4536 12815
1 2 10834 7940
1 3 10866 1971 10735
1 3 10866 10847 4984
1 3 10879 10849 5214
1 2 10879 1981
3 2 10886 13085
1 2 10905 10887
1 2 10919 2050
2 2 10924 12973
2 3 10924 2160 12916
1 2 10942 2156
1 2 10942 5162
1 2 10942 10888
1 2 10942 8149
2 3 10946 8197 10419
2 3 10946 4617 8242
3 2 10947 10513
3 4 10947 11008 11003 1583
2 2 10973 5200
2 2 10985 5184
2 2 10985 8208
2 2 10986 12943
2 2 10986 2208
1 2 11001 10965
3 4 11079 11024 6134 6175
3 4 11079 6146 193 11076
2 4 11091 9117 9193 156
2 5 11091 3045 11147 11040 9151
2 3 11091 6127 35
2 7 11094 6090 18 127 6109 6017 166
2 5 11094 6159 11038 3092 9248
2 3 11098 10723 9121
3 8 11125 124 6087 6137 3156 9158 9074 6175
3 8 11125 124 6087 9112 11030 11085 15 6181
3 9 11125 124 6087 11204 3107 6128 6183 11142 9140
3 7 11159 90 6057 9190 152 57 3140
2 3 11168 3160 166
2 8 11168 81 6189 129 6056 6167 6101 121
2 3 11186 3120 9120
1 4 11218 9314 11299 351
2 2 11219 11359
2 8 11225 11377 3216 3385 6379 10299 12128 12298
2 5 11225 11348 338 3486 3330
3 2 11241 6293
3 4 11241 9323 6249 6326
2 2 11251 3277
2 3 11279 9268 9239
2 3 11297 9250 3353
2 3 11301 11247 3392
2 3 11331 11305 321
2 8 11351 340 313 3304 6492 9460 3426 3578
2 10 11351 11296 471 6587 544 487 579 3582 3555 3529
3 5 11370 3267 6220 6371 6326
3 3 11370 3267 406
3 2 11374 6103
2 7 11375 3303 11344 11394 11262 11309 6248
2 8 11375 6327 9325 3383 3282 9259 11356 6338
2 8 11375 6327 3352 3285 3197 3334 6294 392
2 5 11375 9368 270 3245 6149
3 5 11379 350 11217 6316 9356
3 7 11379 11248 11294 9273 9245 11381 11351
2 4 11435 11470 3547 587
2 3 11437 11405 6596
2 2 11445 11417
2 2 11456 3444
2 3 11465 503 9478
2 2 11465 9495
2 3 11465 11616 11600
2 3 11467 9457 3583
2 2 11467 6464
3 5 11479 536 6580 11399 3559
2 2 11479 6483
2 2 11483 6504
2 2 11483 575
2 4 11504 3557 11397 418
2 4 11504 6507 9433 11437
3 3 11506 9523 9507
2 3 11516 5291 3546
2 2 11516 9559
3 3 11519 6537 3488
2 3 11542 6440 11432
2 2 11542 6418
2 2 11542 9569
2 3 11544 9572 11417
2 3 11544 561 3299
2 3 11544 11529 6540
3 3 11549 11518 11506
2 2 11549 13011
2 3 11549 3447 11606
2 3 11561 6423 11437
2 2 11562 9522
2 2 11562 9574
3 5 11571 4875 11667 12597 10618
3 2 11571 3736
3 2 11574 11577
1 4 11574 606 11741 982
1 2 11580 3617
2 2 11580 11586
2 2 11580 11577
2 3 11581 3592 3601
3 2 11581 624
2 2 11584 9582
3 2 11584 628
2 3 11586 9599 3984
2 2 11600 6657
3 2 11621 6696
2 2 11631 3671
2 2 11659 11644
2 4 11659 6735 9706 11691
3 5 11666 6739 3718 557 3569
2 2 11666 9661
2 3 11666 6739 9692
2 4 11670 9698 11703 3575
2 4 11672 11655 9701 6706
2 3 11679 6561 9537
2 4 11679 9690 3731 3713
2 4 11691 11536 6431 6483
1 4 11697 743 6756 740
2 3 11702 929 6759
2 4 11707 3729 726 3918
2 5 11742 888 3891 3799 6906
1 3 11747 6908 3905
2 5 11747 804 11844 3807 3870
2 4 11747 9844 6938 979
3 10 11752 1608 12348 10499 6988 6937 11801 814 3830 1052
3 8 11752 1608 12348 4495 952 3955 6969 900
1 2 11767 914
2 4 11773 11874 11824 9772
2 2 11794 6613
2 2 11794 3650
2 2 11805 970
2 3 11805 3861 799
3 3 11817 6885 9804
3 4 11817 9836 9664 11654
2 2 11818 895
2 3 11818 3526 6857
1 3 11818 10163 3844
3 2 11834 911
3 2 11834 958
1 3 11857 11832 3882
1 3 11857 935 949
2 2 11865 2030
1 2 11887 11857
2 2 11887 9771
1 3 11899 11572 9588
2 2 11900 9864
2 2 11916 1001
1 5 11929 9993 10416 1497 12366
2 5 11948 10110 4126 7175 11992
3 4 11960 1067 4172 10125
1 2 11964 10073
2 4 11981 10105 1131 1087
2 3 11995 4953 10801
3 2 11995 4950
2 4 12017 7665 10006 4896
2 4 12017 12310 7502 12350
1 2 12029 1088
2 2 12040 1003
2 3 12040 9981 848
3 3 12054 7083 7138
3 2 12054 1132
3 3 12062 1188 4032
1 2 12064 1494
1 2 12064 2171
1 3 12065 1469 7137
2 3 12074 4089 12093
3 4 12093 11944 4137 10068
2 3 12147 7364 3208
2 4 12149 7433 1284 12291
1 3 12292 4392 7587
2 4 12298 1210 1406 4261
2 5 12298 4322 7438 7370 10253
2 2 12299 12113
2 2 12299 10313
3 4 12312 6737 10339 1527
2 3 12313 1528 12401
1 6 12335 7534 11966 7122 1142 12090
2 3 12350 1448 4183
2 2 12351 7500
1 4 12351 10402 12394 1568
3 2 12357 9450
2 3 12357 9657 4166
3 4 12360 10425 12431 7601
2 2 12361 10717
2 2 12364 12351
3 4 12381 1572 1584 7388
3 3 12384 638 7118
3 4 12384 7583 12498 12325
2 2 12391 8136
2 4 12401 4522 1559 10410
2 2 12453 10515
1 3 12455 10901 8101
2 2 12456 12312
2 3 12467 4130 1612
2 5 12473 7671 6883 1634 2013
2 2 12473 12029
2 3 12476 10811 3916
1 2 12479 10360
3 4 12479 2185 5172 10980
3 4 12489 4444 10355 10410
2 5 12501 10824 10192 1587 4622
2 2 12504 12677
2 3 12505 7758 12698
1 3 12508 12571 10644
2 8 12510 4840 7722 10626 4700 1709 7800 4780
2 2 12549 4006
1 4 12581 4542 7224 12218
3 3 12582 12278 9467
3 4 12582 5205 751 4854
2 5 12586 1683 12516 7840 4749
2 3 12586 9892 1678
2 2 12611 10557
2 3 12611 4855 1795
2 3 12611 7765 10589
2 2 12648 5231
2 2 12648 12064
2 2 12648 2213
3 3 12682 1671 3498
3 2 12682 7782
2 3 12687 1741 7805
2 2 12687 13065
2 3 12688 12145 1848
2 4 12700 12630 7867 12602
2 4 12700 7796 4774 3169
3 2 12712 10730
3 3 12712 8236 12753
1 3 12721 2083 4956
1 3 12732 10490 12815
1 5 12732 5057 12776 12750 7803
2 4 12743 4106 2105 11995
3 4 12743 12080 10872 4950
2 2 12744 4033
1 2 12751 5045
1 4 12765 6897 10645 12552
3 3 12786 10751 4516
3 5 12786 2005 1569 4571 1637
1 2 12798 10888
1 2 12798 8047
1 3 12804 10172 4956
1 2 12804 12873
2 3 12810 10732 7913
1 4 12815 1882 8018 7940
2 3 12829 1103 4064
1 2 12829 12743
1 3 12830 11108 1974
2 2 12835 10769
1 2 12845 1937
1 2 12865 8017
2 2 12901 5178
1 2 12907 1846
2 2 12907 7161
2 2 12908 10972
1 2 12908 12986
2 4 12910 7567 5225 8186
2 3 12910 12924 1773
2 3 12916 5165 10973
1 4 12916 12902 2142 8175
1 2 12921 8136
2 2 12932 1773
1 3 12940 7605 10963
2 2 12943 10965
2 2 12944 2202
2 2 12963 12940
2 2 12963 1580
2 2 12963 10525
2 2 12964 2106
2 2 12964 8187
2 2 12964 8238
2 3 12973 10982 8211
3 3 12977 7636 5186
1 2 12981 7548
1 3 12985 8202 12391
1 2 12989 3854
2 2 13011 3546
1 2 13061 12549
1 2 13061 4006
2 2 13063 5264
2 2 13064 4859
1 2 13083 8185
1 3 13083 12919 5083
2 2 13085 8017
2 2 13089 2051
2 3 13255 3884 11767
