1 14
1 17
1 35
1 68
1 117
1 121
1 122
1 156
1 158
1 166
1 186
1 188
1 241
1 265
1 279
1 281
1 299
1 306
1 309
1 310
1 317
1 321
1 333
1 351
1 362
1 377
1 381
1 382
1 383
1 392
1 399
1 400
1 405
1 406
1 413
1 417
1 418
1 441
1 442
1 454
1 476
1 482
1 490
1 492
1 493
1 495
1 499
1 502
1 512
1 514
1 516
1 519
1 525
1 526
1 529
1 537
1 550
1 564
1 587
1 590
1 591
1 596
1 599
1 610
1 620
1 624
1 628
1 650
1 657
1 663
1 670
1 673
1 678
1 686
1 692
1 708
1 718
1 721
1 731
1 733
1 740
1 748
1 750
1 758
1 761
1 771
1 772
1 773
1 778
1 782
1 788
1 799
1 819
1 831
1 848
1 849
1 853
1 855
1 856
1 858
1 859
1 870
1 875
1 883
1 885
1 895
1 900
1 911
1 914
1 923
1 925
1 940
1 947
1 949
1 957
1 958
1 962
1 974
1 979
1 982
1 1001
1 1005
1 1010
1 1024
1 1047
1 1052
1 1055
1 1065
1 1069
1 1087
1 1088
1 1092
1 1102
1 1110
1 1117
1 1132
1 1146
1 1149
1 1160
1 1176
1 1179
1 1182
1 1185
1 1201
1 1205
1 1262
1 1278
1 1291
1 1316
1 1349
1 1352
1 1356
1 1369
1 1374
1 1386
1 1387
1 1391
1 1398
1 1408
1 1424
1 1426
1 1459
1 1464
1 1473
1 1474
1 1479
1 1488
1 1492
1 1493
1 1494
1 1506
1 1520
1 1523
1 1527
1 1529
1 1534
1 1538
1 1542
1 1562
1 1568
1 1575
1 1580
1 1583
1 1591
1 1595
1 1599
1 1603
1 1607
1 1611
1 1612
1 1626
1 1637
1 1639
1 1641
1 1652
1 1657
1 1672
1 1678
1 1690
1 1722
1 1731
1 1734
1 1735
1 1773
1 1774
1 1795
1 1797
1 1801
1 1814
1 1815
1 1823
1 1827
1 1830
1 1836
1 1838
1 1846
1 1848
1 1851
1 1866
1 1874
1 1878
1 1884
1 1891
1 1900
1 1908
1 1927
1 1937
1 1943
1 1944
1 1951
1 1966
1 1969
1 1974
1 1975
1 1981
1 1988
1 2012
1 2013
1 2028
1 2030
1 2035
1 2042
1 2050
1 2051
1 2075
1 2077
1 2086
1 2088
1 2097
1 2100
1 2106
1 2109
1 2126
1 2139
1 2152
1 2156
1 2164
1 2166
1 2170
1 2171
1 2174
1 2180
1 2184
1 2196
1 2197
1 2202
1 2207
1 2209
1 2211
1 2218
1 2220
1 2227
1 2228
1 2229
1 2407
1 2923
1 2947
1 3021
1 3022
1 3083
1 3122
1 3140
1 3147
1 3151
1 3152
1 3164
1 3169
1 3171
1 3190
1 3208
1 3215
1 3262
1 3272
1 3273
1 3277
1 3295
1 3299
1 3301
1 3312
1 3320
1 3326
1 3330
1 3338
1 3340
1 3353
1 3369
1 3379
1 3392
1 3393
1 3456
1 3458
1 3480
1 3488
1 3495
1 3498
1 3501
1 3509
1 3513
1 3521
1 3522
1 3524
1 3529
1 3544
1 3546
1 3549
1 3552
1 3559
1 3569
1 3575
1 3578
1 3580
1 3583
1 3598
1 3605
1 3614
1 3645
1 3650
1 3652
1 3663
1 3672
1 3685
1 3686
1 3692
1 3696
1 3701
1 3706
1 3707
1 3713
1 3720
1 3732
1 3734
1 3736
1 3750
1 3753
1 3754
1 3755
1 3763
1 3772
1 3783
1 3795
1 3816
1 3829
1 3834
1 3838
1 3840
1 3844
1 3846
1 3854
1 3866
1 3870
1 3878
1 3897
1 3902
1 3905
1 3916
1 3918
1 3922
1 3924
1 3938
1 3939
1 3946
1 3950
1 3957
1 3960
1 3962
1 3973
1 3976
1 3984
1 3992
1 3996
1 4006
1 4029
1 4031
1 4032
1 4033
1 4045
1 4052
1 4064
1 4072
1 4105
1 4111
1 4112
1 4115
1 4135
1 4152
1 4156
1 4159
1 4165
1 4166
1 4168
1 4183
1 4196
1 4223
1 4229
1 4245
1 4261
1 4273
1 4312
1 4314
1 4333
1 4334
1 4341
1 4345
1 4374
1 4379
1 4386
1 4396
1 4401
1 4410
1 4432
1 4440
1 4464
1 4496
1 4506
1 4515
1 4516
1 4525
1 4538
1 4567
1 4575
1 4607
1 4608
1 4613
1 4622
1 4638
1 4640
1 4645
1 4646
1 4661
1 4669
1 4677
1 4709
1 4723
1 4724
1 4733
1 4737
1 4740
1 4749
1 4780
1 4785
1 4791
1 4797
1 4800
1 4801
1 4830
1 4833
1 4854
1 4860
1 4872
1 4879
1 4883
1 4887
1 4896
1 4908
1 4915
1 4925
1 4941
1 4948
1 4950
1 4956
1 4957
1 4984
1 4994
1 4997
1 5000
1 5005
1 5015
1 5019
1 5026
1 5030
1 5033
1 5037
1 5045
1 5060
1 5061
1 5062
1 5083
1 5092
1 5096
1 5098
1 5106
1 5120
1 5121
1 5164
1 5168
1 5177
1 5179
1 5184
1 5185
1 5186
1 5198
1 5200
1 5203
1 5207
1 5213
1 5214
1 5216
1 5229
1 5231
1 5264
1 6050
1 6085
1 6115
1 6132
1 6149
1 6164
1 6175
1 6181
1 6192
1 6226
1 6232
1 6235
1 6248
1 6278
1 6282
1 6286
1 6287
1 6293
1 6296
1 6313
1 6314
1 6326
1 6331
1 6338
1 6354
1 6380
1 6384
1 6389
1 6413
1 6418
1 6420
1 6429
1 6435
1 6464
1 6474
1 6483
1 6490
1 6496
1 6499
1 6521
1 6524
1 6550
1 6566
1 6573
1 6596
1 6613
1 6631
1 6666
1 6677
1 6679
1 6685
1 6687
1 6696
1 6706
1 6710
1 6711
1 6717
1 6742
1 6759
1 6761
1 6766
1 6778
1 6794
1 6812
1 6814
1 6817
1 6831
1 6845
1 6857
1 6875
1 6876
1 6882
1 6889
1 6890
1 6906
1 6909
1 6922
1 6927
1 6947
1 6957
1 6964
1 6971
1 6974
1 6984
1 6994
1 6996
1 6999
1 7005
1 7014
1 7071
1 7072
1 7087
1 7097
1 7101
1 7105
1 7110
1 7118
1 7120
1 7121
1 7125
1 7137
1 7138
1 7150
1 7161
1 7172
1 7183
1 7185
1 7186
1 7191
1 7202
1 7203
1 7212
1 7225
1 7227
1 7306
1 7315
1 7330
1 7335
1 7340
1 7367
1 7375
1 7376
1 7381
1 7388
1 7430
1 7432
1 7459
1 7476
1 7524
1 7537
1 7544
1 7548
1 7564
1 7580
1 7587
1 7589
1 7592
1 7601
1 7617
1 7624
1 7629
1 7645
1 7649
1 7656
1 7659
1 7661
1 7669
1 7683
1 7716
1 7763
1 7785
1 7789
1 7791
1 7798
1 7802
1 7803
1 7805
1 7809
1 7832
1 7837
1 7844
1 7869
1 7872
1 7898
1 7913
1 7921
1 7940
1 7965
1 7991
1 8007
1 8017
1 8026
1 8057
1 8059
1 8073
1 8085
1 8098
1 8101
1 8129
1 8140
1 8149
1 8175
1 8178
1 8182
1 8186
1 8187
1 8188
1 8196
1 8211
1 8213
1 8216
1 8219
1 8242
1 8243
1 8249
1 8461
1 9120
1 9121
1 9140
1 9151
1 9152
1 9167
1 9177
1 9206
1 9224
1 9248
1 9252
1 9279
1 9289
1 9292
1 9296
1 9302
1 9303
1 9304
1 9315
1 9335
1 9340
1 9347
1 9355
1 9356
1 9383
1 9417
1 9450
1 9453
1 9461
1 9467
1 9490
1 9495
1 9505
1 9507
1 9526
1 9537
1 9559
1 9569
1 9570
1 9574
1 9586
1 9601
1 9602
1 9609
1 9612
1 9630
1 9648
1 9660
1 9661
1 9665
1 9671
1 9692
1 9693
1 9704
1 9708
1 9713
1 9737
1 9771
1 9772
1 9778
1 9780
1 9785
1 9799
1 9804
1 9814
1 9815
1 9817
1 9864
1 9865
1 9900
1 9932
1 9935
1 9936
1 9950
1 9958
1 9962
1 9975
1 9978
1 9979
1 9980
1 9991
1 10024
1 10029
1 10044
1 10052
1 10062
1 10063
1 10068
1 10070
1 10077
1 10098
1 10125
1 10152
1 10177
1 10191
1 10232
1 10253
1 10255
1 10263
1 10265
1 10278
1 10311
1 10313
1 10324
1 10330
1 10337
1 10365
1 10366
1 10401
1 10404
1 10407
1 10418
1 10435
1 10493
1 10506
1 10538
1 10552
1 10578
1 10595
1 10598
1 10618
1 10619
1 10627
1 10644
1 10667
1 10669
1 10678
1 10682
1 10687
1 10696
1 10709
1 10716
1 10729
1 10747
1 10756
1 10765
1 10772
1 10776
1 10798
1 10827
1 10830
1 10834
1 10842
1 10905
1 10915
1 10919
1 10935
1 10965
1 10976
1 10981
1 11006
1 11076
1 11079
1 11091
1 11094
1 11105
1 11125
1 11136
1 11148
1 11159
1 11168
1 11186
1 11221
1 11225
1 11241
1 11254
1 11293
1 11301
1 11349
1 11351
1 11370
1 11375
1 11379
1 11417
1 11432
1 11435
1 11437
1 11479
1 11504
1 11506
1 11535
1 11542
1 11544
1 11560
1 11561
1 11571
1 11606
1 11621
1 11625
1 11668
1 11670
1 11679
1 11707
1 11742
1 11746
1 11747
1 11752
1 11797
1 11800
1 11817
1 11825
1 11835
1 11857
1 11916
1 11929
1 11936
1 11948
1 11964
1 11969
1 11981
1 12029
1 12062
1 12065
1 12074
1 12090
1 12093
1 12113
1 12124
1 12137
1 12170
1 12182
1 12213
1 12218
1 12261
1 12281
1 12292
1 12298
1 12299
1 12313
1 12325
1 12330
1 12335
1 12350
1 12357
1 12360
1 12366
1 12384
1 12391
1 12406
1 12432
1 12455
1 12461
1 12476
1 12489
1 12501
1 12508
1 12510
1 12552
1 12555
1 12560
1 12581
1 12602
1 12677
1 12682
1 12700
1 12710
1 12726
1 12732
1 12791
1 12815
1 12853
1 12916
1 12954
1 12986
1 12990
1 12991
